0d537fddd084484c24367b4db7beb1e091b6d75db9bd043e5e5562d740a2926f
(TxType: 
    version = 1,
    tx_ins = [ 
        (TxInType: 
            previous_output = 
                (PreviousOutput: 
                    hash = 2aa4df9c1835c6896625bdae20aaf537ae26204e08c0f3b718e784091e9ee170,
                    index = 1
                ), 
                script = [ ],
                sequence = 4294967295
        ), 
    ], 
    tx_outs = [ 
        (TxOutType: 
            value = 0,
            script = [ 106, 76, 80, 217, 21, 81, 160, 202, 172, 239, 66, 221, 245, 1, 163, 210, 160, 176, 66, 143, 154, 154, 221, 166, 26, 105, 66, 44, 163, 133, 229, 167, 73, 73, 66, 168, 142, 145, 119, 41, 136, 177, 65, 3, 8, 240, 46, 80, 192, 176, 65, 51, 178, 14, 47, 110, 4, 125, 65, 173, 37, 13, 46, 254, 49, 62, 65, 97, 252, 6, 50, 244, 192, 215, 65, 118, 64, 156, 182, 34, 209, 125, 65, ]
        ), 
        (TxOutType: 
            value = 931401000,
            script = [ 0, 20, 253, 163, 127, 183, 36, 159, 226, 17, 129, 202, 161, 120, 116, 49, 242, 191, 157, 73, 184, 33, ]
        ), 
    ], 
    lock_time = 0,
    wdata = 
        (WitnessTransactionData: 
            marker = 0,
            flag = 1, 
            witness = [ [ [ 48 68 2 32 48 67 6 98 155 39 67 72 244 68 204 126 16 168 20 23 159 8 172 252 135 144 253 180 193 146 77 62 124 80 115 12 2 32 17 40 231 119 53 96 188 54 183 84 184 165 17 113 200 27 80 231 57 173 28 57 69 209 88 22 42 138 115 62 176 171 1 ]
                         [ 3 74 109 112 14 31 207 206 180 117 64 178 93 115 157 217 28 132 209 3 49 145 84 188 224 109 45 235 90 97 241 42 65 ]]]
        )
)