c2pool:
[ 1, 0, 0, 0, 0, 1, 1, 0, 0, 0, 0, 0, 0, 0, 0, 0, 0, 0, 0, 0, 0, 0, 0, 0, 0, 0, 0, 0, 0, 0, 0, 0, 0, 0, 0, 0, 0, 0, 0, 0, 0, 0, 0, 2, 83, 0, 0, 0, 0, 0, 4, 0, 0, 0, 0, 0, 0, 0, 0, 38, 106, 36, 170, 33, 169, 237, 82, 121, 208, 219, 62, 217, 225, 145, 115, 20, 19, 42, 211, 74, 46, 23, 133, 225, 176, 102, 66, 45, 41, 227, 137, 221, 66, 82, 29, 79, 69, 243, 0, 104, 196, 97, 8, 0, 0, 0, 25, 118, 169, 20, 154, 215, 189, 208, 226, 14, 183, 246, 79, 166, 221, 66, 115, 77, 212, 244, 50, 117, 204, 38, 136, 172, 0, 216, 172, 255, 131, 6, 0, 0, 169, 82, 33, 3, 138, 184, 47, 58, 79, 86, 156, 69, 113, 196, 131, 213, 103, 41, 232, 51, 153, 121, 91, 173, 179, 40, 33, 202, 182, 77, 4, 231, 181, 209, 6, 134, 65, 4, 255, 208, 61, 228, 74, 110, 17, 185, 145, 127, 58, 41, 249, 68, 50, 131, 217, 135, 28, 157, 116, 62, 243, 13, 94, 221, 205, 55, 9, 75, 100, 209, 179, 216, 9, 4, 150, 181, 50, 86, 120, 107, 245, 200, 41, 50, 236, 35, 195, 183, 77, 159, 5, 166, 249, 90, 139, 85, 41, 53, 38, 86, 102, 75, 65, 4, 87, 163, 55, 184, 101, 87, 245, 177, 92, 148, 84, 74, 210, 103, 249, 106, 88, 45, 194, 185, 30, 104, 115, 150, 143, 247, 186, 23, 79, 218, 104, 116, 175, 151, 156, 217, 175, 65, 236, 32, 50, 223, 223, 214, 88, 123, 229, 177, 74, 67, 85, 84, 109, 84, 19, 136, 195, 241, 85, 90, 103, 209, 28, 45, 83, 174, 0, 0, 0, 0, 0, 0, 0, 0, 42, 106, 40, 58, 207, 97, 230, 110, 49, 216, 114, 193, 46, 68, 134, 166, 95, 227, 148, 81, 167, 81, 248, 72, 254, 152, 44, 34, 58, 34, 192, 13, 122, 252, 93, 0, 0, 0, 0, 0, 0, 0, 0, 1, 32, 91, 67, 50, 80, 111, 111, 108, 93, 91, 67, 50, 80, 111, 111, 108, 93, 91, 67, 50, 80, 111, 111, 108, 93, 91, 67, 50, 80, 111, 111, 108, 93, 0, 0, 0, 0, ]
c2pool without dots:
[1 0 0 0 0 1 1 0 0 0 0 0 0 0 0 0 0 0 0 0 0 0 0 0 0 0 0 0 0 0 0 0 0 0 0 0 0 0 0 0 0 0 0 2 83 0 0 0 0 0 4 0 0 0 0 0 0 0 0 38 106 36 170 33 169 237 82 121 208 219 62 217 225 145 115 20 19 42 211 74 46 23 133 225 176 102 66 45 41 227 137 221 66 82 29 79 69 243 0 104 196 97 8 0 0 0 25 118 169 20 154 215 189 208 226 14 183 246 79 166 221 66 115 77 212 244 50 117 204 38 136 172 0 216 172 255 131 6 0 0 169 82 33 3 138 184 47 58 79 86 156 69 113 196 131 213 103 41 232 51 153 121 91 173 179 40 33 202 182 77 4 231 181 209 6 134 65 4 255 208 61 228 74 110 17 185 145 127 58 41 249 68 50 131 217 135 28 157 116 62 243 13 94 221 205 55 9 75 100 209 179 216 9 4 150 181 50 86 120 107 245 200 41 50 236 35 195 183 77 159 5 166 249 90 139 85 41 53 38 86 102 75 65 4 87 163 55 184 101 87 245 177 92 148 84 74 210 103 249 106 88 45 194 185 30 104 115 150 143 247 186 23 79 218 104 116 175 151 156 217 175 65 236 32 50 223 223 214 88 123 229 177 74 67 85 84 109 84 19 136 195 241 85 90 103 209 28 45 83 174 0 0 0 0 0 0 0 0 42 106 40 178 179 131 141 69 199 94 37 124 180 159 20 60 71 78 138 160 67 134 244 191 65 129 202 7 106 4 98 118 129 143 67 0 0 0 0 0 0 0 0 1 32 91 67 50 80 111 111 108 93 91 67 50 80 111 111 108 93 91 67 50 80 111 111 108 93 91 67 50 80 111 111 108 93 0 0 0 0]

#datas
version:
    1 0 0 0
vinDummy:
    0
flags:
    1
TX.VIN:
    1
    0 0 0 0 0 0 0 0 0 0 0 0 0 0 0 0 0 0 0 0 0 0 0 0 0 0 0 0 0 0 0 0
    0 0 0 0
    2 
    83 0
    0 0 0 0
TX.OUT:
    4
    0 0 0 0 0 0 0 0
    38
    106 36 170 33 169 237 82 121 208 219 62 217 225 145 115 20 19 42 211 74 46 23 133 225 176 102 66 45 41 227 137 221 66 82 29 79 69 243
    0 104 196 97 8 0 0 0
    25
    118 169 20 154 215 189 208 226 14 183 246 79 166 221 66 115 77 212 244 50 117 204 38 136 172
    0 216 172 255 131 6 0 0
    169
    82 33 3 138 184 47 58 79 86 156 69 113 196 131 213 103 41 232 51 153 121 91 173 179 40 33 202 182 77 4 231 181 209 6 134 65 4 255 208 61 228 74 110 17 185 145 127 58 41 249 68 50 131 217 135 28 157 116 62 243 13 94 221 205 55 9 75 100 209 179 216 9 4 150 181 50 86 120 107 245 200 41 50 236 35 195 183 77 159 5 166 249 90 139 85 41 53 38 86 102 75 65 4 87 163 55 184 101 87 245 177 92 148 84 74 210 103 249 106 88 45 194 185 30 104 115 150 143 247 186 23 79 218 104 116 175 151 156 217 175 65 236 32 50 223 223 214 88 123 229 177 74 67 85 84 109 84 19 136 195 241 85 90 103 209 28 45 83 174
    0 0 0 0 0 0 0 0
    42
    106 40 178 179 131 141 69 199 94 37 124 180 159 20 60 71 78 138 160 67 134 244 191 65 129 202 7 106 4 98 118 129 143 67 0 0 0 0 0 0 0 0
TX.ScriptWitness:
    1 
    32 
    91 67 50 80 111 111 108 93 91 67 50 80 111 111 108 93 91 67 50 80 111 111 108 93 91 67 50 80 111 111 108 93
    0 0 0 0

#=============
dgb core:
Version = 1
    (4) [1 0 0 0 ]
vinDummy = 0
    (1) [0 ]
flags = 1
    (1) [1 ]
TX.VIN: 
    (1) [1 ]
    (32)[0 0 0 0 0 0 0 0 0 0 0 0 0 0 0 0 0 0 0 0 0 0 0 0 0 0 0 0 0 0 0 0 ]
    (4) [0 0 0 0 ]
    (1) [2 ]
    (2) [83 0 ]
    (4) [0 0 0 0 ]
TX.OUT = [... 4 txs outs ...]
    (1) [4 ]
    (8) [0 0 0 0 0 0 0 0 ]
    (1) [38 ]
    (38)[106 36 170 33 169 237 82 121 208 219 62 217 225 145 115 20 19 42 211 74 46 23 133 225 176 102 66 45 41 227 137 221 66 82 29 79 69 243 ]
    (8) [0 104 196 97 8 0 0 0 ]
    (1) [25 ]
    (25 [118 169 20 154 215 189 208 226 14 183 246 79 166 221 66 115 77 212 244 50 117 204 38 136 172 ]
    (8) [0 216 172 255 131 6 0 0 ]
    (1) [169 ]
    (169)[82 33 3 138 184 47 58 79 86 156 69 113 196 131 213 103 41 232 51 153 121 91 173 179 40 33 202 182 77 4 231 181 209 6 134 65 4 255 208 61 228 74 110 17 185 145 127 58 41 249 68 50 131 217 135 28 157 116 62 243 13 94 221 205 55 9 75 100 209 179 216 9 4 150 181 50 86 120 107 245 200 41 50 236 35 195 183 77 159 5 166 249 90 139 85 41 53 38 86 102 75 65 4 87 163 55 184 101 87 245 177 92 148 84 74 210 103 249 106 88 45 194 185 30 104 115 150 143 247 186 23 79 218 104 116 175 151 156 217 175 65 236 32 50 223 223 214 88 123 229 177 74 67 85 84 109 84 19 136 195 241 85 90 103 209 28 45 83 174 ]
    (8) [0 0 0 0 0 0 0 0 ]
    (1) [42 ]
    (42)[106 40 178 179 131 141 69 199 94 37 124 180 159 20 60 71 78 138 160 67 134 244 191 65 129 202 7 106 4 98 118 129 143 67 0 0 0 0 0 0 0 0 ]
TX.ScriptWitness: [
	                5b4332506f6f6c5d5b4332506f6f6c5d5b4332506f6f6c5d5b4332506f6f6c5d
                  ]
    (1) [1 ]
    (1) [32 ]
    (32)[91 67 50 80 111 111 108 93 91 67 50 80 111 111 108 93 91 67 50 80 111 111 108 93 91 67 50 80 111 111 108 93 ]
LockTime = 0
    (4) [0 0 0 0 ]