c2pool:
[ 1 0 0 0 1 0 0 0 0 0 0 0 0 0 0 0 0 0 0 0 0 0 0 0 0 0 0 0 0 0 0 0 0 0 0 0 0 0 0 0 0 2 83 0 0 0 0 0 4 0 0 0 0 0 0 0 0 38 106 36 170 33 169 237 82 121 208 219 62 217 225 145 115 20 19 42 211 74 46 23 133 225 176 102 66 45 41 227 137 221 66 82 29 79 69 243 0 104 196 97 8 0 0 0 25 118 169 20 154 215 189 208 226 14 183 246 79 166 221 66 115 77 212 244 50 117 204 38 136 172 0 216 172 255 131 6 0 0 169 82 33 3 138 184 47 58 79 86 156 69 113 196 131 213 103 41 232 51 153 121 91 173 179 40 33 202 182 77 4 231 181 209 6 134 65 4 255 208 61 228 74 110 17 185 145 127 58 41 249 68 50 131 217 135 28 157 116 62 243 13 94 221 205 55 9 75 100 209 179 216 9 4 150 181 50 86 120 107 245 200 41 50 236 35 195 183 77 159 5 166 249 90 139 85 41 53 38 86 102 75 65 4 87 163 55 184 101 87 245 177 92 148 84 74 210 103 249 106 88 45 194 185 30 104 115 150 143 247 186 23 79 218 104 116 175 151 156 217 175 65 236 32 50 223 223 214 88 123 229 177 74 67 85 84 109 84 19 136 195 241 85 90 103 209 28 45 83 174 0 0 0 0 0 0 0 0 42 106 40 46 242 183 58 211 14 229 176 14 238 170 16 181 167 118 254 84 164 72 220 111 74 155 70 250 137 117 223 233 200 29 99 3 0 0 0 0 0 0 0 0 0 0 0]

x.coinb1: [ 1 0 0 0 1 0 0 0 0 0 0 0 0 0 0 0 0 0 0 0 0 0 0 0 0 0 0 0 0 0 0 0 0 0 0 0 0 0 0 0 0 2 83 0 0 0 0 0 4 0 0 0 0 0 0 0 0 38 106 36 170 33 169 237 82 121 208 219 62 217 225 145 115 20 19 42 211 74 46 23 133 225 176 102 66 45 41 227 137 221 66 82 29 79 69 243 0 104 196 97 8 0 0 0 25 118 169 20 154 215 189 208 226 14 183 246 79 166 221 66 115 77 212 244 50 117 204 38 136 172 0 216 172 255 131 6 0 0 169 82 33 3 138 184 47 58 79 86 156 69 113 196 131 213 103 41 232 51 153 121 91 173 179 40 33 202 182 77 4 231 181 209 6 134 65 4 255 208 61 228 74 110 17 185 145 127 58 41 249 68 50 131 217 135 28 157 116 62 243 13 94 221 205 55 9 75 100 209 179 216 9 4 150 181 50 86 120 107 245 200 41 50 236 35 195 183 77 159 5 166 249 90 139 85 41 53 38 86 102 75 65 4 87 163 55 184 101 87 245 177 92 148 84 74 210 103 249 106 88 45 194 185 30 104 115 150 143 247 186 23 79 218 104 116 175 151 156 217 175 65 236 32 50 223 223 214 88 123 229 177 74 67 85 84 109 84 19 136 195 241 85 90 103 209 28 45 83 174 0 0 0 0 0 0 0 0 42 106 40 46 242 183 58 211 14 229 176 14 238 170 16 181 167 118 254 84 164 72 220 111 74 155 70 250 137 117 223 233 200 29 99 ]
coinb_nonce: [ 3 0 0 0 0 0 0 0 ]
x.coinb2: [ 0 0 0 0 ]

dgb:
[1 0 0 0 1 0 0 0 0 0 0 0 0 0 0 0 0 0 0 0 0 0 0 0 0 0 0 0 0 0 0 0 0 0 0 0 0 0 0 0 0 2 83 0 0 0 0 0 4 0 0 0 0 0 0 0 0 38 106 36 170 33 169 237 82 121 208 219 62 217 225 145 115 20 19 42 211 74 46 23 133 225 176 102 66 45 41 227 137 221 66 82 29 79 69 243 0 104 196 97 8 0 0 0 25 118 169 20 154 215 189 208 226 14 183 246 79 166 221 66 115 77 212 244 50 117 204 38 136 172 0 216 172 255 131 6 0 0 169 82 33 3 138 184 47 58 79 86 156 69 113 196 131 213 103 41 232 51 153 121 91 173 179 40 33 202 182 77 4 231 181 209 6 134 65 4 255 208 61 228 74 110 17 185 145 127 58 41 249 68 50 131 217 135 28 157 116 62 243 13 94 221 205 55 9 75 100 209 179 216 9 4 150 181 50 86 120 107 245 200 41 50 236 35 195 183 77 159 5 166 249 90 139 85 41 53 38 86 102 75 65 4 87 163 55 184 101 87 245 177 92 148 84 74 210 103 249 106 88 45 194 185 30 104 115 150 143 247 186 23 79 218 104 116 175 151 156 217 175 65 236 32 50 223 223 214 88 123 229 177 74 67 85 84 109 84 19 136 195 241 85 90 103 209 28 45 83 174 0 0 0 0 0 0 0 0 42 106 40 46 242 183 58 211 14 229 176 14 238 170 16 181 167 118 254 84 164 72 220 111 74 155 70 250 137 117 223 233 200 29 99 0 0 0 0 0 0 0 0 0 0 0 0]

(4) [1 0 0 0 ]
(1) [1 ]
(32) [0 0 0 0 0 0 0 0 0 0 0 0 0 0 0 0 0 0 0 0 0 0 0 0 0 0 0 0 0 0 0 0 ]
(4) [0 0 0 0 ]
(1) [2 ]
(2) [83 0 ]
(4) [0 0 0 0 ]
(1) [4 ]
(8) [0 0 0 0 0 0 0 0 ]
(1) [38 ]
(38) [106 36 170 33 169 237 82 121 208 219 62 217 225 145 115 20 19 42 211 74 46 23 133 225 176 102 66 45 41 227 137 221 66 82 29 79 69 243 ]
(8) [0 104 196 97 8 0 0 0 ]
(1) [25 ]
(25) [118 169 20 154 215 189 208 226 14 183 246 79 166 221 66 115 77 212 244 50 117 204 38 136 172 ]
(8) [0 216 172 255 131 6 0 0 ]
(1) [169 ]
(169) [82 33 3 138 184 47 58 79 86 156 69 113 196 131 213 103 41 232 51 153 121 91 173 179 40 33 202 182 77 4 231 181 209 6 134 65 4 255 208 61 228 74 110 17 185 145 127 58 41 249 68 50 131 217 135 28 157 116 62 243 13 94 221 205 55 9 75 100 209 179 216 9 4 150 181 50 86 120 107 245 200 41 50 236 35 195 183 77 159 5 166 249 90 139 85 41 53 38 86 102 75 65 4 87 163 55 184 101 87 245 177 92 148 84 74 210 103 249 106 88 45 194 185 30 104 115 150 143 247 186 23 79 218 104 116 175 151 156 217 175 65 236 32 50 223 223 214 88 123 229 177 74 67 85 84 109 84 19 136 195 241 85 90 103 209 28 45 83 174 ]
(8) [0 0 0 0 0 0 0 0 ]
(1) [42 ]
(42) [106 40 46 242 183 58 211 14 229 176 14 238 170 16 181 167 118 254 84 164 72 220 111 74 155 70 250 137 117 223 233 200 29 99 0 0 0 0 0 0 0 0 ]
###coinb2
(4) [0 0 0 0 ]



#############################################
dgb_full:
Version = 1
FOR HASH DATA: (4) [1 0 0 0 ]
TX.VIN: [
CTxIn(COutPoint(0000000000, 0), scriptSig=5300, nSequence=0)
]
FOR HASH DATA: (1) [1 ]
FOR HASH DATA: (32) [0 0 0 0 0 0 0 0 0 0 0 0 0 0 0 0 0 0 0 0 0 0 0 0 0 0 0 0 0 0 0 0 ]
FOR HASH DATA: (4) [0 0 0 0 ]
FOR HASH DATA: (1) [2 ]
FOR HASH DATA: (2) [83 0 ]
FOR HASH DATA: (4) [0 0 0 0 ]
TX.OUT: [
CTxOut(nValue=0.00000000, scriptPubKey=6a24aa21a9ed5279d0db3ed9e1917314132ad34a2e1785e1b066422d29e389dd42521d4f45f3)
CTxOut(nValue=360.00000000, scriptPubKey=76a9149ad7bdd0e20eb7f64fa6dd42734dd4f43275cc2688ac)
CTxOut(nValue=71640.00000000, scriptPubKey=5221038ab82f3a4f569c4571c483d56729e83399795badb32821cab64d04e7b5d106864104ffd03de44a6e11b9917f3a29f9443283d9871c9d743ef30d5eddcd37094b64d1b3d8090496b53256786bf5c82932ec23c3b74d9f05a6f95a8b5529352656664b410457a337b86557f5b15c94544ad267f96a582dc2b91e6873968ff7ba174fda6874af979cd9af41ec2032dfdfd6587be5b14a4355546d541388c3f1555a67d11c2d53ae)
CTxOut(nValue=0.00000000, scriptPubKey=6a282ef2b73ad30ee5b00eeeaa10b5a776fe54a448dc6f4a9b46fa8975dfe9c81d630000000000000000)
]
FOR HASH DATA: (1) [4 ]
FOR HASH DATA: (8) [0 0 0 0 0 0 0 0 ]
FOR HASH DATA: (1) [38 ]
FOR HASH DATA: (38) [106 36 170 33 169 237 82 121 208 219 62 217 225 145 115 20 19 42 211 74 46 23 133 225 176 102 66 45 41 227 137 221 66 82 29 79 69 243 ]
FOR HASH DATA: (8) [0 104 196 97 8 0 0 0 ]
FOR HASH DATA: (1) [25 ]
FOR HASH DATA: (25) [118 169 20 154 215 189 208 226 14 183 246 79 166 221 66 115 77 212 244 50 117 204 38 136 172 ]
FOR HASH DATA: (8) [0 216 172 255 131 6 0 0 ]
FOR HASH DATA: (1) [169 ]
FOR HASH DATA: (169) [82 33 3 138 184 47 58 79 86 156 69 113 196 131 213 103 41 232 51 153 121 91 173 179 40 33 202 182 77 4 231 181 209 6 134 65 4 255 208 61 228 74 110 17 185 145 127 58 41 249 68 50 131 217 135 28 157 116 62 243 13 94 221 205 55 9 75 100 209 179 216 9 4 150 181 50 86 120 107 245 200 41 50 236 35 195 183 77 159 5 166 249 90 139 85 41 53 38 86 102 75 65 4 87 163 55 184 101 87 245 177 92 148 84 74 210 103 249 106 88 45 194 185 30 104 115 150 143 247 186 23 79 218 104 116 175 151 156 217 175 65 236 32 50 223 223 214 88 123 229 177 74 67 85 84 109 84 19 136 195 241 85 90 103 209 28 45 83 174 ]
FOR HASH DATA: (8) [0 0 0 0 0 0 0 0 ]
FOR HASH DATA: (1) [42 ]
FOR HASH DATA: (42) [106 40 46 242 183 58 211 14 229 176 14 238 170 16 181 167 118 254 84 164 72 220 111 74 155 70 250 137 117 223 233 200 29 99 0 0 0 0 0 0 0 0 ]
TX.ScriptWitness: [
]
LockTime = 0
FOR HASH DATA: (4) [0 0 0 0 ]
