c2pool:
    share: b07203d257793755b5dfab3671d688ff01ec5836faf366e195b5c0bab392521d
        txid = 0b37011e8b1dece0362e0628df5ead54d6941ba8a8a1523ea0e56d6f9461f1bc, gentx_hash = d4cf1166a42338f914e31ff8cb0efa7207b1275f06537cfffd791d4b0b70c268)

    (TxType: version = 1,
        tx_ins = [ (TxInType: previous_output = (PreviousOutput: hash = 0000000000000000000000000000000000000000000000000000000000000000, index = 4294967295), script = [ 3, 225, 31, 46, ], sequence = 4294967295), ],
        tx_outs = [
            (TxOutType: value = 0, script = [ 106, 36, 170, 33, 169, 237, 18, 13, 237, 3, 180, 117, 56, 233, 7, 17, 9, 115, 208, 44, 231, 126, 32, 26, 52, 40, 251, 21, 223, 189, 133, 237, 173, 17, 65, 95, 10, 235, ]),
            (TxOutType: value = 625000000, script = [ 118, 169, 20, 163, 111, 90, 245, 216, 218, 120, 251, 201, 0, 105, 162, 76, 186, 185, 118, 56, 170, 52, 175, 136, 172, ]),
            (TxOutType: value = 0, script = [ 118, 169, 20, 208, 61, 166, 252, 163, 144, 22, 109, 2, 11, 224, 231, 194, 138, 200, 204, 112, 245, 132, 3, 136, 172, ]),
            (TxOutType: value = 0, script = [ 65, 4, 255, 208, 61, 228, 74, 110, 17, 185, 145, 127, 58, 41, 249, 68, 50, 131, 217, 135, 28, 157, 116, 62, 243, 13, 94, 221, 205, 55, 9, 75, 100, 209, 179, 216, 9, 4, 150, 181, 50, 86, 120, 107, 245, 200, 41, 50, 236, 35, 195, 183, 77, 159, 5, 166, 249, 90, 139, 85, 41, 53, 38, 86, 102, 75, 172, ]),
            (TxOutType: value = 0, script = [ 106, 40, 69, 45, 169, 90, 83, 220, 253, 10, 65, 172, 237, 60, 200, 117, 155, 4, 56, 109, 99, 156, 69, 224, 69, 230, 175, 116, 144, 122, 3, 70, 242, 53, 0, 0, 0, 0, 1, 0, 0, 0, ]), ],
        lock_time = 0, wdata = (WitnessTransactionData: marker = 0, flag = 1, witness = [ [ [ 91 67 50 80 111 111 108 93 91 67 50 80 111 111 108 93 91 67 50 80 111 111 108 93 91 67 50 80 111 111 108 93 ]]]))

p2pool:
    share: b07203d257793755b5dfab3671d688ff01ec5836faf366e195b5c0bab392521dL
        txid = 0xd4cf1166a42338f914e31ff8cb0efa7207b1275f06537cfffd791d4b0b70c268L, gentx_hash = 0xd4cf1166a42338f914e31ff8cb0efa7207b1275f06537cfffd791d4b0b70c268L;

    {'version': 1,
        'tx_ins': [{'previous_output': None, 'sequence': None, 'script': '\x03\xe1\x1f.'}],
        'tx_outs': [
            {'value': 0, 'script': 'j$\xaa!\xa9\xed\xcd\x81\n\xc1\xeb;\xf5z)q\x00\xca\xd1\xf7\xae8\x9cj\xc0\t\xf0\xb8\x03\xde\x9a\xaat\x00\xaf\xa4\xd7'},
            {'value': 625000000L, 'script': 'v\xa9\x14\xa3oZ\xf5\xd8\xdax\xfb\xc9\x00i\xa2L\xba\xb9v8\xaa4\xaf\x88\xac'},
            {'value': 0L, 'script': 'A\x04\xff\xd0=\xe4Jn\x11\xb9\x91\x7f:)\xf9D2\x83\xd9\x87\x1c\x9dt>\xf3\r^\xdd\xcd7\tKd\xd1\xb3\xd8\t\x04\x96\xb52Vxk\xf5\xc8)2\xec#\xc3\xb7M\x9f\x05\xa6\xf9Z\x8bU)5&VfK\xac'},
            {'value': 0, 'script': 'j(E-\xa9ZS\xdc\xfd\nA\xac\xed<\xc8u\x9b\x048mc\x9cE\xe0E\xe6\xaft\x90z\x03F\xf25\x00\x00\x00\x00\x01\x00\x00\x00'}],
        'lock_time': 0, 'marker': 0, 'flag': 1, 'witness': [['[P2Pool][P2Pool][P2Pool][P2Pool]']]}

================================================
tx_outs:
    c2pool:
        [ ]0           [106, 36, 170, 33, 169, 237, 18, 13, 237, 3, 180, 117, 56, 233, 7, 17, 9, 115, 208, 44, 231, 126, 32, 26, 52, 40, 251, 21, 223, 189, 133, 237, 173, 17, 65, 95, 10, 235]
        [x]625000000   [118, 169, 20, 163, 111, 90, 245, 216, 218, 120, 251, 201, 0, 105, 162, 76, 186, 185, 118, 56, 170, 52, 175, 136, 172]
        [ ]0           [118, 169, 20, 208, 61, 166, 252, 163, 144, 22, 109, 2, 11, 224, 231, 194, 138, 200, 204, 112, 245, 132, 3, 136, 172]
        [x]0           [65, 4, 255, 208, 61, 228, 74, 110, 17, 185, 145, 127, 58, 41, 249, 68, 50, 131, 217, 135, 28, 157, 116, 62, 243, 13, 94, 221, 205, 55, 9, 75, 100, 209, 179, 216, 9, 4, 150, 181, 50, 86, 120, 107, 245, 200, 41, 50, 236, 35, 195, 183, 77, 159, 5, 166, 249, 90, 139, 85, 41, 53, 38, 86, 102, 75, 172]
        [x]0           [106, 40, 69, 45, 169, 90, 83, 220, 253, 10, 65, 172, 237, 60, 200, 117, 155, 4, 56, 109, 99, 156, 69, 224, 69, 230, 175, 116, 144, 122, 3, 70, 242, 53, 0, 0, 0, 0, 1, 0, 0, 0]
    p2pool:
        [ ]0           [106, 36, 170, 33, 169, 237, 205, 129, 10, 193, 235, 59, 245, 122, 41, 113, 0, 202, 209, 247, 174, 56, 156, 106, 192, 9, 240, 184, 3, 222, 154, 170, 116, 0, 175, 164, 215]
        [x]625000000L  [118, 169, 20, 163, 111, 90, 245, 216, 218, 120, 251, 201, 0, 105, 162, 76, 186, 185, 118, 56, 170, 52, 175, 136, 172]
        [x]0           [65, 4, 255, 208, 61, 228, 74, 110, 17, 185, 145, 127, 58, 41, 249, 68, 50, 131, 217, 135, 28, 157, 116, 62, 243, 13, 94, 221, 205, 55, 9, 75, 100, 209, 179, 216, 9, 4, 150, 181, 50, 86, 120, 107, 245, 200, 41, 50, 236, 35, 195, 183, 77, 159, 5, 166, 249, 90, 139, 85, 41, 53, 38, 86, 102, 75, 172]
        [x]0           [106, 40, 69, 45, 169, 90, 83, 220, 253, 10, 65, 172, 237, 60, 200, 117, 155, 4, 56, 109, 99, 156, 69, 224, 69, 230, 175, 116, 144, 122, 3, 70, 242, 53, 0, 0, 0, 0, 1, 0, 0, 0]


===============================
c2pool after fixes:
     0 [ 106, 36, 170, 33, 169, 237, 84, 128, 76, 246, 163, 131, 120, 16, 154, 1, 209, 197, 109, 126, 201, 223, 93, 27, 235, 85, 169, 171, 120, 196, 136, 195, 142, 64, 131, 145, 93, 11, ]),
     625003484, script = [ 118, 169, 20, 163, 111, 90, 245, 216, 218, 120, 251, 201, 0, 105, 162, 76, 186, 185, 118, 56, 170, 52, 175, 136, 172, ]),
     value = 1, script = [ 118, 169, 20, 208, 61, 166, 252, 163, 144, 22, 109, 2, 11, 224, 231, 194, 138, 200, 204, 112, 245, 132, 3, 136, 172, ]),
     value = 1, script = [ 65, 4, 255, 208, 61, 228, 74, 110, 17, 185, 145, 127, 58, 41, 249, 68, 50, 131, 217, 135, 28, 157, 116, 62, 243, 13, 94, 221, 205, 55, 9, 75, 100, 209, 179, 216, 9, 4, 150, 181, 50, 86, 120, 107, 245, 200, 41, 50, 236, 35, 195, 183, 77, 159, 5, 166, 249, 90, 139, 85, 41, 53, 38, 86, 102, 75, 172, ]),
     (TxOutType: value = 0, script = [ 106, 40, 76, 236, 21, 193, 234, 169, 2, 166, 183, 162, 203, 113, 64, 59, 83, 163, 246, 3, 207, 207, 136, 224, 219, 20, 0, 135, 55, 178, 6, 125, 135, 146, 0, 0, 0, 0, 1, 0, 0, 0, ]), ]
