msg sharereply:
45 66 90 241 65 18 58 17 23 250 70 97 40 125 113 228 211 190 215 190 252 113 183 119 101 155 219 114 29 124 211 33 0 1 35 253 213 1 254 0 0 0 32 199 135 73 154 86 60 57 210 130 169 218 121 4 205 73 124 14 174 130 219 5 58 5 217 2 65 195 86 30 0 196 102 224 234 244 100 218 42 32 28 144 0 55 103 46 95 160 184 104 0 134 45 189 230 160 182 76 79 236 166 175 134 17 103 22 92 153 247 71 21 153 13 75 223 128 145 4 3 99 235 44 19 117 156 117 34 109 118 82 55 113 82 99 105 55 109 101 80 54 97 90 49 82 107 121 81 122 97 115 118 116 50 70 85 50 121 112 82 77 98 145 208 64 37 0 0 0 0 0 0 0 35 3 74 226 150 195 199 125 127 149 168 233 100 255 119 48 94 160 133 195 170 55 254 149 20 249 126 110 165 67 141 181 201 33 40 134 223 128 34 85 160 180 132 91 74 254 22 63 218 186 211 34 115 238 208 44 131 132 20 168 25 31 70 27 23 209 245 15 38 225 200 81 123 121 182 124 245 42 79 126 122 148 120 3 196 31 149 83 54 1 120 70 140 52 137 130 169 47 100 95 172 48 24 235 137 20 11 201 80 218 169 70 34 53 232 124 27 127 90 229 46 62 120 70 204 234 218 156 39 63 107 166 166 25 55 133 224 61 175 133 107 251 75 206 180 40 191 36 117 222 193 6 51 95 13 246 109 107 34 12 172 236 136 80 93 30 72 28 3 30 238 234 244 100 127 89 0 0 214 92 19 81 24 0 0 0 0 0 0 0 0 0 0 0 0 0 0 0 0 1 0 0 0 44 65 38 1 148 47 190 132 250 139 140 68 46 211 138 105 8 136 67 100 219 162 107 56 205 49 11 6 211 73 222 150 219 3 146 197 133 210 149 168 21 66 146 184 63 136 112 187 169 54 146 115 14 167 56 252 132 112 122 117 213 91 145 156 245 109 144 146 250 26 50 217 172 128 157 48 40 7 185 75 18 5 63 160 134 149 101 216 62 138 45 84 136 1 182 190 12 199 218 150 230 218 227 70 125 58 150 150 186 253 27 108 187 195 149 130 118 51 245 207 160 183 213 104 137 172 178 87 248 92
89 29 20 25 20 84 170 255 227 23 68 230 98 39 114 148 76 222 62 90 200 103 228 82 134 133 98 24 65 56 160 233 0 1 35 253 213 1 254 0 0 0 32 199 135 73 154 86 60 57 210 130 169 218 121 4 205 73 124 14 174 130 219 5 58 5 217 2 65 195 86 30 0 196 102 224 234 244 100 218 42 32 28 144 0 55 103 46 95 160 184 104 0 134 45 189 230 160 182 76 79 236 166 175 134 17 103 22 92 153 247 71 21 153 13 75 223 128 145 4 3 99 235 44 19 117 156 117 34 109 118 82 55 113 82 99 105 55 109 101 80 54 97 90 49 82 107 121 81 122 97 115 118 116 50 70 85 50 121 112 82 77 98 145 208 64 37 0 0 0 0 0 0 0 35 3 74 226 150 195 199 125 127 149 168 233 100 255 119 48 94 160 133 195 170 55 254 149 20 249 126 110 165 67 141 181 201 33 40 134 223 128 34 85 160 180 132 91 74 254 22 63 218 186 211 34 115 238 208 44 131 132 20 168 25 31 70 27 23 209 245 15 38 225 200 81 123 121 182 124 245 42 79 126 122 148 120 3 196 31 149 83 54 1 120 70 140 52 137 130 169 47 100 95 172 48 24 235 137 20 11 201 80 218 169 70 34 53 232 124 27 127 90 229 46 62 120 70 204 234 218 156 39 63 107 166 166 25 55 133 224 61 175 133 107 251 75 206 180 40 191 36 117 222 193 6 51 95 13 246 109 107 34 12 172 236 136 80 93 30 72 28 3 30 238 234 244 100 127 89 0 0 214 92 19 81 24 0 0 0 0 0 0 0 0 0 0 0 0 0 0 0 0 1 0 0 0 44 65 38 1 148 47 190 132 250 139 140 68 46 211 138 105 8 136 67 100 219 162 107 56 205 49 11 6 211 73 222 150 219 3 146 197 133 210 149 168 21 66 146 184 63 136 112 187 169 54 146 115 14 167 56 252 132 112 122 117 213 91 145 156 245 109 144 146 250 26 50 217 172 128 157 48 40 7 185 75 18 5 63 160 134 149 101 216 62 138 45 84 136 1 182 190 12 199 218 150 230 218 227 70 125 58 150 150 186 253 27 108 187 195 149 130 118 51 245 207 160 183 213 104 137 172 178 87 248 92

parse1:
id:     45 66 90 241 65 18 58 17 23 250 70 97 40 125 113 228 211 190 215 190 252 113 183 119 101 155 219 114 29 124 211 33
result: 0
    len:    1 35 253 213 1 254 0 0 0 32 199 135 73 154 86 60 57 210 130 169 218 121 4 205 73 124 14 174 130 219 5 58 5 217 2 65 195 86 30 0 196 102 224 234 244 100 218 42 32 28 144 0 55 103 46 95 160 184 104 0 134 45 189 230 160 182 76 79 236 166 175 134 17 103 22 92 153 247 71 21 153 13 75 223 128 145 4 3 99 235 44 19 117 156 117 34 109 118 82 55 113 82 99 105 55 109 101 80 54 97 90 49 82 107 121 81 122 97 115 118 116 50 70 85 50 121 112 82 77 98 145 208 64 37 0 0 0 0 0 0 0 35 3 74 226 150 195 199 125 127 149 168 233 100 255 119 48 94 160 133 195 170 55 254 149 20 249 126 110 165 67 141 181 201 33 40 134 223 128 34 85 160 180 132 91 74 254 22 63 218 186 211 34 115 238 208 44 131 132 20 168 25 31 70 27 23 209 245 15 38 225 200 81 123 121 182 124 245 42 79 126 122 148 120 3 196 31 149 83 54 1 120 70 140 52 137 130 169 47 100 95 172 48 24 235 137 20 11 201 80 218 169 70 34 53 232 124 27 127 90 229 46 62 120 70 204 234 218 156 39 63 107 166 166 25 55 133 224 61 175 133 107 251 75 206 180 40 191 36 117 222 193 6 51 95 13 246 109 107 34 12 172 236 136 80 93 30 72 28 3 30 238 234 244 100 127 89 0 0 214 92 19 81 24 0 0 0 0 0 0 0 0 0 0 0 0 0 0 0 0 1 0 0 0 44 65 38 1 148 47 190 132 250 139 140 68 46 211 138 105 8 136 67 100 219 162 107 56 205 49 11 6 211 73 222 150 219 3 146 197 133 210 149 168 21 66 146 184 63 136 112 187 169 54 146 115 14 167 56 252 132 112 122 117 213 91 145 156 245 109 144 146 250 26 50 217 172 128 157 48 40 7 185 75 18 5 63 160 134 149 101 216 62 138 45 84 136 1 182 190 12 199 218 150 230 218 227 70 125 58 150 150 186 253 27 108 187 195 149 130 118 51 245 207 160 183 213 104 137 172 178 87 248 92

parse2:
id:     89 29 20 25 20 84 170 255 227 23 68 230 98 39 114 148 76 222 62 90 200 103 228 82 134 133 98 24 65 56 160 233
result: 0
shares:
    len: 1
    values:
        type: 35
        contents (share_type):
            min_header:
                version(=469?):
                    253 213 1
                previous_block:
                    254 0 0 0 32 199 135 73 154 86 60 57 210 130 169 218 121 4 205 73 124 14 174 130 219 5 58 5 217 2 65 195
                timestamp:
                    86 30 0 196
                bits:
                    102 224 234 244
                nonce:
                    100 218 42 32
            share_info:
                share_data:
                    previous_share_hash:
                        28 144 0 55 103 46 95 160 184 104 0 134 45 189 230 160 182 76 79 236 166 175 134 17 103 22 92 153 247 71 21 153
                    coinbase:
                        len:
                            13
                        value:
                            75 223 128 145 4 3 99 235 44 19 117 156 117
                    nonce:
                        34 109 118 82
                    address:
                        55 113 82 99 105 55 109 101 80 54 97 90 49 82 107 121 81 122 97 115 118 116 50 70 85 50 121 112 82 77 98 145 208 64 37 0 0 0 0 0 0 0 35 3 74 226 150 195 199 125 127 149 168 233 100 255 119 48 94 160 133 195 170 55 254 149 20 249 126 110 165 67 141 181 201 33 40 134 223 128 34 85 160 180 132 91 74 254 22 63 218 186 211 34 115 238 208 44 131 132 20 168 25 31 70 27 23 209 245 15 38 225 200 81 123 121 182 124 245 42 79 126 122 148 120 3 196 31 149 83 54 1 120 70 140 52 137 130 169 47 100 95 172 48 24 235 137 20 11 201 80 218 169 70 34 53 232 124 27 127 90 229 46 62 120 70 204 234 218 156 39 63 107 166 166 25 55 133 224 61 175 133 107 251 75 206 180 40 191 36 117 222 193 6 51 95 13 246 109 107 34 12 172 236 136 80 93 30 72 28 3 30 238 234 244 100 127 89 0 0 214 92 19 81 24 0 0 0 0 0 0 0 0 0 0 0 0 0 0 0 0 1 0 0 0 44 65 38 1 148 47 190 132 250 139 140 68 46 211 138 105 8 136 67 100 219 162 107 56 205 49 11 6 211 73 222 150 219 3 146 197 133 210 149 168 21 66 146 184 63 136 112 187 169 54 146 115 14 167 56 252 132 112 122 117 213 91 145 156 245 109 144 146 250 26 50 217 172 128 157 48 40 7 185 75 18 5 63 160 134 149 101 216 62 138 45 84 136 1 182 190 12 199 218 150 230 218 227 70 125 58 150 150 186 253 27 108 187 195 149 130 118 51 245 207 160 183 213 104 137 172 178 87 248 92
