173 150 20 246 70 106 57 207 115 104 97 114 101 115 0 0 0 0 0 0 78 1 0 0 209 62 19 1 1 17 253 73 1 254 0 0 0 32 88 235 192 52 196 109 10 48 176 16 38 54 124 76 90 242 108 41 161 58 249 15 23 208 9 67 146 211 222 223 82 132 135 214 29 101 42 224 6 29 80 17 222 129 0 0 0 0 0 0 0 0 0 0 0 0 0 0 0 0 0 0 0 0 0 0 0 0 0 0 0 0 0 0 0 0 5 3 32 87 45 0 76 43 144 228 121 170 83 80 249 44 69 166 161 73 192 123 36 210 56 122 103 205 209 247 64 190 64 37 0 0 0 0 0 0 0 17 1 210 178 121 240 178 226 5 220 194 204 86 37 102 160 18 209 191 186 74 195 132 26 9 133 94 122 241 193 218 27 214 228 138 102 234 205 231 103 225 246 238 9 136 223 192 229 100 12 107 53 140 238 251 248 64 80 102 215 133 243 101 206 242 31 0 0 0 0 0 0 0 0 0 0 0 0 0 0 0 0 0 0 0 0 0 0 0 0 0 0 0 0 0 0 0 0 204 204 12 32 204 204 12 32 144 214 29 101 1 0 0 0 20 0 0 0 0 0 0 0 0 0 0 0 0 0 0 0 0 2 0 0 0 0 0 0 0 195 25 208 243 8 208 220 170 124 32 232 86 93 66 62 43 231 21 253 176 37 133 100 126 53 5 240 8 200 33 202 157 253 254 0 1 26 27 155 219 242 112 201 4 30 7 163 121 94 216 34 243 32 145 255 169 217 145 14 31 97 168 20 76 166 107 174 5

prefix = 173 150 20 246 70 106 57 207
command = 115 104 97 114 101 115 0 0 0 0 0 0
len [334=] = 78 1 0 0
checksum = 209 62 19 1
payload = 1 17 253 73 1 254 0 0 0 32 88 235 192 52 196 109 10 48 176 16 38 54 124 76 90 242 108 41 161 58 249 15 23 208 9 67 146 211 222 223 82 132 135 214 29 101 42 224 6 29 80 17 222 129 0 0 0 0 0 0 0 0 0 0 0 0 0 0 0 0 0 0 0 0 0 0 0 0 0 0 0 0 0 0 0 0 5 3 32 87 45 0 76 43 144 228 121 170 83 80 249 44 69 166 161 73 192 123 36 210 56 122 103 205 209 247 64 190 64 37 0 0 0 0 0 0 0 17 1 210 178 121 240 178 226 5 220 194 204 86 37 102 160 18 209 191 186 74 195 132 26 9 133 94 122 241 193 218 27 214 228 138 102 234 205 231 103 225 246 238 9 136 223 192 229 100 12 107 53 140 238 251 248 64 80 102 215 133 243 101 206 242 31 0 0 0 0 0 0 0 0 0 0 0 0 0 0 0 0 0 0 0 0 0 0 0 0 0 0 0 0 0 0 0 0 204 204 12 32 204 204 12 32 144 214 29 101 1 0 0 0 20 0 0 0 0 0 0 0 0 0 0 0 0 0 0 0 0 2 0 0 0 0 0 0 0 195 25 208 243 8 208 220 170 124 32 232 86 93 66 62 43 231 21 253 176 37 133 100 126 53 5 240 8 200 33 202 157 253 254 0 1 26 27 155 219 242 112 201 4 30 7 163 121 94 216 34 243 32 145 255 169 217 145 14 31 97 168 20 76 166 107 174 5

message = 1 17 253 73 1 254 0 0 0 32 88 235 192 52 196 109 10 48 176 16 38 54 124 76 90 242 108 41 161 58 249 15 23 208 9 67 146 211 222 223 82 132 135 214 29 101 42 224 6 29 80 17 222 129 0 0 0 0 0 0 0 0 0 0 0 0 0 0 0 0 0 0 0 0 0 0 0 0 0 0 0 0 0 0 0 0 5 3 32 87 45 0 76 43 144 228 121 170 83 80 249 44 69 166 161 73 192 123 36 210 56 122 103 205 209 247 64 190 64 37 0 0 0 0 0 0 0 17 1 210 178 121 240 178 226 5 220 194 204 86 37 102 160 18 209 191 186 74 195 132 26 9 133 94 122 241 193 218 27 214 228 138 102 234 205 231 103 225 246 238 9 136 223 192 229 100 12 107 53 140 238 251 248 64 80 102 215 133 243 101 206 242 31 0 0 0 0 0 0 0 0 0 0 0 0 0 0 0 0 0 0 0 0 0 0 0 0 0 0 0 0 0 0 0 0 204 204 12 32 204 204 12 32 144 214 29 101 1 0 0 0 20 0 0 0 0 0 0 0 0 0 0 0 0 0 0 0 0 2 0 0 0 0 0 0 0 195 25 208 243 8 208 220 170 124 32 232 86 93 66 62 43 231 21 253 176 37 133 100 126 53 5 240 8 200 33 202 157 253 254 0 1 26 27 155 219 242 112 201 4 30 7 163 121 94 216 34 243 32 145 255 169 217 145 14 31 97 168 20 76 166 107 174 5
    list_len = 1
        share_type
            type = 17
            contents
                len (329=) = 253 73 1
                data = 254 0 0 0 32 88 235 192 52 196 109 10 48 176 16 38 54 124 76 90 242 108 41 161 58 249 15 23 208 9 67 146 211 222 223 82 132 135 214 29 101 42 224 6 29 80 17 222 129 0 0 0 0 0 0 0 0 0 0 0 0 0 0 0 0 0 0 0 0 0 0 0 0 0 0 0 0 0 0 0 0 5 3 32 87 45 0 76 43 144 228 121 170 83 80 249 44 69 166 161 73 192 123 36 210 56 122 103 205 209 247 64 190 64 37 0 0 0 0 0 0 0 17 1 210 178 121 240 178 226 5 220 194 204 86 37 102 160 18 209 191 186 74 195 132 26 9 133 94 122 241 193 218 27 214 228 138 102 234 205 231 103 225 246 238 9 136 223 192 229 100 12 107 53 140 238 251 248 64 80 102 215 133 243 101 206 242 31 0 0 0 0 0 0 0 0 0 0 0 0 0 0 0 0 0 0 0 0 0 0 0 0 0 0 0 0 0 0 0 0 204 204 12 32 204 204 12 32 144 214 29 101 1 0 0 0 20 0 0 0 0 0 0 0 0 0 0 0 0 0 0 0 0 2 0 0 0 0 0 0 0 195 25 208 243 8 208 220 170 124 32 232 86 93 66 62 43 231 21 253 176 37 133 100 126 53 5 240 8 200 33 202 157 253 254 0 1 26 27 155 219 242 112 201 4 30 7 163 121 94 216 34 243 32 145 255 169 217 145 14 31 97 168 20 76 166 107 174 5


share_info_type = 254 0 0 0 32 88 235 192 52 196 109 10 48 176 16 38 54 124 76 90 242 108 41 161 58 249 15 23 208 9 67 146 211 222 223 82 132 135 214 29 101 42 224 6 29 80 17 222 129 0 0 0 0 0 0 0 0 0 0 0 0 0 0 0 0 0 0 0 0 0 0 0 0 0 0 0 0 0 0 0 0 5 3 32 87 45 0 76 43 144 228 121 170 83 80 249 44 69 166 161 73 192 123 36 210 56 122 103 205 209 247 64 190 64 37 0 0 0 0 0 0 0 17 1 210 178 121 240 178 226 5 220 194 204 86 37 102 160 18 209 191 186 74 195 132 26 9 133 94 122 241 193 218 27 214 228 138 102 234 205 231 103 225 246 238 9 136 223 192 229 100 12 107 53 140 238 251 248 64 80 102 215 133 243 101 206 242 31 0 0 0 0 0 0 0 0 0 0 0 0 0 0 0 0 0 0 0 0 0 0 0 0 0 0 0 0 0 0 0 0 204 204 12 32 204 204 12 32 144 214 29 101 1 0 0 0 20 0 0 0 0 0 0 0 0 0 0 0 0 0 0 0 0 2 0 0 0 0 0 0 0 195 25 208 243 8 208 220 170 124 32 232 86 93 66 62 43 231 21 253 176 37 133 100 126 53 5 240 8 200 33 202 157 253 254 0 1 26 27 155 219 242 112 201 4 30 7 163 121 94 216 34 243 32 145 255 169 217 145 14 31 97 168 20 76 166 107 174 5
    min_header =
        version (536870912) = 254 0 0 0 32
        previous_block = 88 235 192 52 196 109 10 48 176 16 38 54 124 76 90 242 108 41 161 58 249 15 23 208 9 67 146 211 222 223 82 132
        timestamp = 135 214 29 101
        bits = 42 224 6 29
            80 17 222 129 0 0 0 0 0 0 0 0 0 0 0 0 0 0 0 0 0 0 0 0 0 0 0 0 0 0 0 0 0 0 0 0 5 3 32 87 45 0 76 43 144 228 121 170 83 80 249 44 69 166 161 73 192 123 36 210 56 122 103 205 209 247 64 190 64 37 0 0 0 0 0 0 0 17 1 210 178 121 240 178 226 5 220 194 204 86 37 102 160 18 209 191 186 74 195 132 26 9 133 94 122 241 193 218 27 214 228 138 102 234 205 231 103 225 246 238 9 136 223 192 229 100 12 107 53 140 238 251 248 64 80 102 215 133 243 101 206 242 31 0 0 0 0 0 0 0 0 0 0 0 0 0 0 0 0 0 0 0 0 0 0 0 0 0 0 0 0 0 0 0 0 204 204 12 32 204 204 12 32 144 214 29 101 1 0 0 0 20 0 0 0 0 0 0 0 0 0 0 0 0 0 0 0 0 2 0 0 0 0 0 0 0 195 25 208 243 8 208 220 170 124 32 232 86 93 66 62 43 231 21 253 176 37 133 100 126 53 5 240 8 200 33 202 157 253 254 0 1 26 27 155 219 242 112 201 4 30 7 163 121 94 216 34 243 32 145 255 169 217 145 14 31 97 168 20 76 166 107 174 5







c2pool: (BlockHeaderType: version = 536870912, previous_block = 455a17e3a401c0fa5aed1ca8ff1ec738004b844df831c18968db105ce2544d27, timestamp = 1696459237, bits = 486989866, nonce = 3267234496, merkle_root = 4124bf6109675c3dc049dc3e7a458f10bd302399a627fd6d1ad027f73fe76e69)
p2pool: {'bits': FloatingInteger(bits=0x1d06e02a, target=0x6e02a0000000000000000000000000000000000000000000000000000L), 'nonce': 3267234496, 'previous_block': 31368767665421242326976353101837669170700794686952427556092396334047672159527L, 'timestamp': 1696459237, 'version': 536870912, 'merkle_root': 59153210755519562353356536552537101540119673242570976544033418486493258318292L}

data        c2pool      p2pool
version     536870912   536870912
previous_block  455a17e3a401c0fa5aed1ca8ff1ec738004b844df831c18968db105ce2544d27    455a17e3a401c0fa5aed1ca8ff1ec738004b844df831c18968db105ce2544d27
timestamp   1696459237  1696459237
bits    486989866   486989866
nonce   3267234496  3267234496
merkle_root 4124bf6109675c3dc049dc3e7a458f10bd302399a627fd6d1ad027f73fe76e69    0x82c787e3ac3e408c8d9306528f4ae849f5d0b570c1594ac7a5459d9e1dda01d4



